           1           0         112
           2           0         100
           3           0          60
           4           0          40
           5           0          43
           6           0          54
           7           0          79
           8           0         114
           9           0         160
          10           0         734
          11           0         137
          12           0         133
          13           0          90
          14           0          42
          15           0          26
          16           0          10
          17           0          15
          18           0          32
          19           0          71
          20           0          94
           1           0          -7
           2           0         -12
           3           0           9
           4           0          33
           5           0          27
           6           0          61
           7           0          84
           8           0         136
           9           0         143
          10           0         743
          11           0         118
          12           0          96
          13           0          88
          14           0          44
          15           0          37
          16           0           3
          17           0          19
          18           0           0
          19           0          -3
          20           0         -10
           1           0           3
           2           0           8
           3           0           9
           4           0           7
           5           0          39
           6           0          53
           7           0         100
           8           0         102
           9           0         103
          10           0         730
          11           0         129
          12           0         120
          13           0          75
          14           0          57
          15           0          31
          16           0          23
          17           0           4
          18           0           9
          19           0          -3
          20           0           1
           1           0          -1
           2           0           4
           3           0          13
           4           0          16
           5           0          28
           6           0          39
           7           0          83
           8           0         109
           9           0         164
          10           0         725
          11           0         108
          12           0         127
          13           0          68
          14           0          48
          15           0          29
          16           0          19
          17           0           9
          18           0           6
          19           0           5
          20           0           1
           1           0          -1
           2           0           5
           3           0           5
           4           0          15
           5           0          29
           6           0          52
           7           0          80
           8           0         106
           9           0         135
          10           0         739
          11           0         165
          12           0          92
          13           0          81
          14           0          38
          15           0          29
          16           0          12
          17           0           5
          18           0           6
          19           0           2
          20           0           5
           1           0           5
           2           0           9
           3           0          10
           4           0          30
           5           0          26
           6           0          48
           7           0          73
           8           0         134
           9           0         136
          10           0         726
          11           0         129
          12           0          85
          13           0          88
          14           0          42
          15           0          26
          16           0          13
          17           0           4
          18           0          10
          19           0           4
          20           0           2
           1           0           3
           2           0           0
           3           0           4
           4           0          10
           5           0          26
           6           0          46
           7           0          86
           8           0          98
           9           0         120
          10           0         725
          11           0         151
          12           0         127
          13           0          71
          14           0          64
          15           0          25
          16           0          22
          17           0           6
          18           0           3
          19           0           8
          20           0           5
           1           0           4
           2           0           8
           3           0           9
           4           0          18
           5           0          31
           6           0          54
           7           0          82
           8           0         104
           9           0         142
          10           0         698
          11           0         140
          12           0         123
          13           0          74
          14           0          50
          15           0          25
          16           0          18
          17           0          14
          18           0           4
          19           0           1
          20           0           1
           1           0           1
           2           0          12
           3           0           7
           4           0          23
           5           0          37
           6           0          40
           7           0          88
           8           0          77
           9           0         152
          10           0         708
          11           0         136
          12           0         121
          13           0          73
          14           0          47
          15           0          37
          16           0          11
          17           0           9
          18           0           6
          19           0           6
          20           0           9
           1           0           7
           2           0          11
           3           0          15
           4           0          10
           5           0          27
           6           0          52
           7           0          67
           8           0         122
           9           0         152
          10           0         699
          11           0         132
          12           0         107
          13           0          75
          14           0          58
          15           0          25
          16           0          13
          17           0          11
          18           0          13
          19           0           5
          20           0          -1
           1           0           1
           2           0           3
           3           0          18
           4           0          22
           5           0          33
           6           0          36
           7           0          79
           8           0         119
           9           0         140
          10           0         757
          11           0         100
          12           0         104
          13           0          68
          14           0          36
          15           0          50
          16           0          16
          17           0          10
          18           0           1
          19           0           3
          20           0           4
           1           0           8
           2           0           9
           3           0           6
           4           0           6
           5           0          35
           6           0          42
           7           0          86
           8           0          90
           9           0         153
          10           0         715
          11           0         163
          12           0         100
          13           0          84
          14           0          42
          15           0          18
          16           0          17
          17           0          13
          18           0          10
          19           0           2
          20           0           1
           1           0           4
           2           0           8
           3           0           2
           4           0          21
           5           0          34
           6           0          63
           7           0          86
           8           0         104
           9           0         121
          10           0         709
          11           0         147
          12           0          93
          13           0          79
          14           0          57
          15           0          32
          16           0          17
          17           0          18
          18           0          -1
          19           0           6
          20           0           0
           1           0           6
           2           0           6
           3           0          17
           4           0          24
           5           0          30
           6           0          55
           7           0          54
           8           0         107
           9           0         138
          10           0         748
          11           0         128
          12           0         106
          13           0          58
          14           0          59
          15           0          28
          16           0          19
          17           0           6
          18           0           6
          19           0           1
          20           0           4
           1           0           4
           2           0           7
           3           0          10
           4           0          17
           5           0          26
           6           0          60
           7           0          73
           8           0          81
           9           0         142
          10           0         732
          11           0         128
          12           0         113
          13           0          73
          14           0          50
          15           0          39
          16           0          13
          17           0          16
          18           0           5
          19           0           7
          20           0           4
           1           0           4
           2           0           7
           3           0           7
           4           0          18
           5           0          35
           6           0          38
           7           0          91
           8           0         125
           9           0         104
          10           0         753
          11           0         137
          12           0         105
          13           0          51
          14           0          42
          15           0          39
          16           0          22
          17           0           7
          18           0           3
          19           0           7
          20           0           5
