           1          50
           2          48
           3          49
           4          46
           5          49
           6          46
           7          44
           8          49
           9          45
          10          46
          11          44
          12          49
          13          42
          14          45
          15          46
          16          42
          17          46
          18          42
          19          44
          20          43
          21          40
          22          40
          23          44
          24          40
          25          43
          26          42
          27          37
          28          41
          29          42
          30          36
          31          42
          32          40
          33          40
          34          35
          35          38
          36          39
          37          37
          38          35
          39          37
          40          36
          41          40
          42          41
          43          38
          44          43
          45          45
          46          37
          47          29
          48          37
          49          39
          50          35
          51          39
          52          43
          53          43
          54          40
          55          39
          56          36
          57          44
          58          45
          59          41
          60          37
          61          38
          62          38
          63          41
          64          40
          65          39
          66          36
          67          36
          68          33
          69          39
          70          41
          71          44
          72          34
          73          40
          74          33
          75          44
          76          38
          77          33
          78          40
          79          42
          80          42
          81          38
          82          39
          83          40
          84          38
          85          44
          86          38
          87          39
          88          43
          89          36
          90          44
          91          45
          92          36
          93          37
          94          42
          95          38
          96          40
          97          39
          98          40
          99          40
         100          38
           1          38
           2          42
           3          44
           4          37
           5          40
           6          40
           7          44
           8          44
           9          47
          10          47
          11          43
          12          46
          13          47
          14          49
          15          47
          16          46
          17          48
          18          48
          19          48
          20          46
          21          49
          22          47
          23          50
          24          46
          25          47
          26          46
          27          47
          28          46
          29          49
          30          47
          31          49
          32          49
          33          47
          34          46
          35          49
          36          49
          37          47
          38          49
          39          46
          40          47
          41          50
          42          49
          43          47
          44          45
          45          47
          46          50
          47          47
          48          50
          49          49
          50          48
          51          49
          52          47
          53          46
          54          49
          55          47
          56          48
          57          49
          58          49
          59          47
          60          50
          61          48
          62          44
          63          50
          64          50
          65          49
          66          49
          67          49
          68          46
          69          47
          70          48
          71          47
          72          47
          73          49
          74          50
          75          49
          76          48
          77          50
          78          47
          79          48
          80          45
          81          45
          82          47
          83          47
          84          45
          85          49
          86          45
          87          46
          88          44
          89          44
          90          47
          91          45
          92          40
          93          47
          94          39
          95          41
          96          45
          97          47
          98          43
          99          41
         100          40
           1          36
           2          30
           3          40
           4          37
           5          36
           6          33
           7          43
           8          33
           9          38
          10          41
          11          42
          12          39
          13          40
          14          42
          15          39
          16          44
          17          42
          18          45
          19          45
          20          48
          21          48
          22          49
          23          44
          24          47
          25          49
          26          48
          27          49
          28          47
          29          48
          30          49
          31          50
          32          49
          33          48
          34          50
          35          49
          36          49
          37          50
          38          50
          39          49
          40          50
          41          50
          42          50
          43          50
          44          50
          45          50
          46          50
          47          50
          48          50
          49          50
          50          50
          51          50
          52          50
          53          50
          54          50
          55          50
          56          50
          57          50
          58          48
          59          50
          60          48
          61          50
          62          50
          63          50
          64          49
          65          49
          66          50
          67          49
          68          50
          69          48
          70          49
          71          46
          72          47
          73          48
          74          50
          75          50
          76          50
          77          47
          78          50
          79          48
          80          48
          81          46
          82          49
          83          46
          84          48
          85          43
          86          46
          87          45
          88          47
          89          43
          90          44
          91          47
          92          48
          93          43
          94          44
          95          45
          96          48
          97          41
          98          43
          99          46
         100          38
           1          36
           2          32
           3          36
           4          31
           5          37
           6          31
           7          38
           8          38
           9          39
          10          35
          11          40
          12          40
          13          40
          14          42
          15          43
          16          42
          17          43
          18          43
          19          41
          20          44
          21          47
          22          44
          23          46
          24          45
          25          47
          26          43
          27          45
          28          48
          29          46
          30          47
          31          47
          32          49
          33          47
          34          49
          35          49
          36          49
          37          46
          38          49
          39          50
          40          49
          41          48
          42          50
          43          47
          44          48
          45          49
          46          49
          47          50
          48          49
          49          50
          50          50
          51          50
          52          53
          53          63
          54          50
          55          50
          56          50
          57          50
          58          50
          59          49
          60          50
          61          50
          62          50
          63          50
          64          50
          65          50
          66          50
          67          50
          68          50
          69          50
          70          50
          71          49
          72          50
          73          50
          74          50
          75          52
          76          50
          77          48
          78          49
          79          49
          80          48
          81          49
          82          50
          83          48
          84          47
          85          50
          86          49
          87          49
          88          48
          89          49
          90          48
          91          44
          92          45
          93          46
          94          48
          95          46
          96          44
          97          42
          98          45
          99          42
         100          42
           1          38
           2          32
           3          32
           4          36
           5          34
           6          34
           7          42
           8          40
           9          33
          10          37
          11          34
          12          40
          13          44
          14          44
          15          47
          16          43
          17          46
          18          47
          19          44
          20          45
          21          45
          22          45
          23          48
          24          46
          25          48
          26          48
          27          49
          28          48
          29          48
          30          48
          31          50
          32          50
          33          49
          34          49
          35          50
          36          50
          37          49
          38          50
          39          49
          40          50
          41          50
          42          50
          43          49
          44          50
          45          50
          46          50
          47          53
          48          50
          49          50
          50          49
          51          50
          52          50
          53          49
          54          50
          55          50
          56          50
          57          50
          58          49
          59          48
          60          49
          61          47
          62          50
          63          49
          64          49
          65          50
          66          48
          67          49
          68          50
          69          47
          70          50
          71          50
          72          49
          73          48
          74          49
          75          49
          76          49
          77          49
          78          49
          79          47
          80          46
          81          50
          82          49
          83          50
          84          50
          85          48
          86          46
          87          49
          88          47
          89          47
          90          47
          91          47
          92          46
          93          48
          94          47
          95          46
          96          42
          97          44
          98          44
          99          48
         100          42
           1          29
           2          33
           3          32
           4          26
           5          38
           6          37
           7          34
           8          41
           9          34
          10          38
          11          36
          12          42
          13          44
          14          42
          15          39
          16          43
          17          39
          18          45
          19          46
          20          43
          21          45
          22          47
          23          49
          24          49
          25          46
          26          48
          27          48
          28          44
          29          47
          30          49
          31          50
          32          48
          33          49
          34          50
          35          48
          36          50
          37          50
          38          50
          39          48
          40          46
          41          49
          42          50
          43          50
          44          48
          45          50
          46          50
          47          50
          48          50
          49          50
          50          50
          51          50
          52          58
          53          50
          54          50
          55          50
          56          50
          57          50
          58          50
          59          50
          60          48
          61          50
          62          48
          63          50
          64          50
          65          49
          66          47
          67          50
          68          49
          69          49
          70          50
          71          49
          72          50
          73          50
          74          50
          75          47
          76          47
          77          48
          78          50
          79          47
          80          50
          81          49
          82          50
          83          50
          84          44
          85          48
          86          48
          87          49
          88          46
          89          46
          90          46
          91          48
          92          47
          93          47
          94          48
          95          46
          96          43
          97          47
          98          44
          99          45
         100          47
           1          30
           2          31
           3          28
           4          40
           5          36
           6          30
           7          38
           8          41
           9          33
          10          38
          11          41
          12          37
          13          36
          14          41
          15          41
          16          41
          17          42
          18          43
          19          46
          20          45
          21          43
          22          43
          23          45
          24          46
          25          48
          26          45
          27          48
          28          47
          29          47
          30          49
          31          48
          32          50
          33          50
          34          49
          35          49
          36          50
          37          48
          38          50
          39          50
          40          49
          41          50
          42          50
          43          50
          44          50
          45          50
          46          50
          47          51
          48          50
          49          52
          50          50
          51          50
          52          50
          53          50
          54          50
          55          49
          56          50
          57          49
          58          50
          59          50
          60          49
          61          48
          62          48
          63          48
          64          49
          65          47
          66          50
          67          49
          68          49
          69          49
          70          50
          71          50
          72          49
          73          50
          74          50
          75          50
          76          50
          77          50
          78          48
          79          50
          80          50
          81          49
          82          48
          83          49
          84          49
          85          50
          86          48
          87          50
          88          47
          89          46
          90          50
          91          46
          92          45
          93          42
          94          45
          95          44
          96          45
          97          44
          98          44
          99          45
         100          38
           1          26
           2          33
           3          29
           4          32
           5          30
           6          32
           7          28
           8          40
           9          39
          10          39
          11          45
          12          41
          13          40
          14          38
          15          45
          16          39
          17          43
          18          46
          19          48
          20          49
          21          44
          22          44
          23          47
          24          49
          25          47
          26          47
          27          47
          28          47
          29          48
          30          47
          31          50
          32          48
          33          50
          34          49
          35          49
          36          49
          37          50
          38          50
          39          50
          40          52
          41          54
          42          60
          43          55
          44          51
          45          50
          46          50
          47          50
          48          50
          49          50
          50          50
          51          50
          52          49
          53          50
          54          50
          55          50
          56          49
          57          48
          58          50
          59          49
          60          50
          61          50
          62          49
          63          49
          64          48
          65          48
          66          49
          67          49
          68          46
          69          50
          70          50
          71          50
          72          47
          73          49
          74          50
          75          48
          76          49
          77          47
          78          47
          79          46
          80          50
          81          50
          82          49
          83          50
          84          46
          85          49
          86          49
          87          50
          88          48
          89          48
          90          49
          91          48
          92          44
          93          49
          94          45
          95          46
          96          46
          97          42
          98          43
          99          44
         100          43
           1          29
           2          28
           3          31
           4          33
           5          37
           6          33
           7          36
           8          40
           9          34
          10          35
          11          42
          12          38
          13          44
          14          39
          15          45
          16          42
          17          41
          18          47
          19          43
          20          47
          21          45
          22          46
          23          48
          24          47
          25          47
          26          50
          27          46
          28          50
          29          50
          30          49
          31          49
          32          50
          33          48
          34          49
          35          49
          36          50
          37          50
          38          49
          39          50
          40          49
          41          49
          42          50
          43          57
          44          52
          45          55
          46          50
          47          52
          48          50
          49          50
          50          50
          51          50
          52          50
          53          50
          54          53
          55          50
          56          50
          57          50
          58          50
          59          50
          60          50
          61          50
          62          50
          63          48
          64          50
          65          50
          66          50
          67          50
          68          50
          69          50
          70          50
          71          50
          72          50
          73          50
          74          54
          75          50
          76          50
          77          49
          78          50
          79          48
          80          49
          81          50
          82          49
          83          50
          84          50
          85          46
          86          48
          87          47
          88          46
          89          43
          90          47
          91          48
          92          47
          93          43
          94          47
          95          45
          96          48
          97          46
          98          45
          99          45
         100          48
           1          28
           2          26
           3          25
           4          27
           5          32
           6          33
           7          37
           8          33
           9          36
          10          37
          11          35
          12          39
          13          37
          14          41
          15          39
          16          42
          17          42
          18          42
          19          40
          20          44
          21          40
          22          45
          23          44
          24          44
          25          42
          26          46
          27          47
          28          46
          29          48
          30          48
          31          45
          32          50
          33          48
          34          46
          35          49
          36          48
          37          45
          38          46
          39          47
          40          47
          41          49
          42          48
          43          48
          44          50
          45          50
          46          48
          47          48
          48          49
          49          50
          50          48
          51          49
          52          49
          53          49
          54          50
          55          49
          56          49
          57          50
          58          50
          59          51
          60          50
          61          50
          62          50
          63          50
          64          50
          65          54
          66          50
          67          50
          68          50
          69          50
          70          50
          71          50
          72          50
          73          50
          74          55
          75          55
          76          50
          77          50
          78          50
          79          50
          80          50
          81          51
          82          51
          83          50
          84          49
          85          50
          86          48
          87          50
          88          43
          89          49
          90          47
          91          49
          92          48
          93          48
          94          44
          95          45
          96          42
          97          44
          98          46
          99          45
         100          47
           1          24
           2          30
           3          36
           4          31
           5          34
           6          35
           7          33
           8          35
           9          39
          10          38
          11          39
          12          42
          13          43
          14          41
          15          41
          16          45
          17          43
          18          43
          19          44
          20          44
          21          47
          22          46
          23          46
          24          43
          25          46
          26          48
          27          47
          28          48
          29          49
          30          45
          31          44
          32          47
          33          47
          34          50
          35          47
          36          50
          37          49
          38          49
          39          49
          40          48
          41          50
          42          49
          43          49
          44          47
          45          49
          46          50
          47          48
          48          48
          49          50
          50          50
          51          49
          52          50
          53          50
          54          50
          55          50
          56          47
          57          48
          58          50
          59          50
          60          49
          61          49
          62          49
          63          50
          64          50
          65          49
          66          50
          67          50
          68          50
          69          50
          70          50
          71          50
          72          50
          73          57
          74          51
          75          56
          76          50
          77          50
          78          50
          79          50
          80          50
          81          50
          82          50
          83          50
          84          50
          85          49
          86          48
          87          49
          88          49
          89          48
          90          48
          91          50
          92          48
          93          49
          94          49
          95          46
          96          47
          97          47
          98          43
          99          48
         100          47
           1          25
           2          38
           3          29
           4          30
           5          29
           6          33
           7          35
           8          30
           9          41
          10          45
          11          46
          12          41
          13          40
          14          39
          15          46
          16          45
          17          44
          18          45
          19          42
          20          49
          21          43
          22          47
          23          47
          24          46
          25          50
          26          46
          27          47
          28          50
          29          49
          30          48
          31          50
          32          49
          33          49
          34          48
          35          49
          36          50
          37          50
          38          50
          39          50
          40          50
          41          49
          42          50
          43          50
          44          50
          45          57
          46          50
          47          51
          48          50
          49          50
          50          50
          51          50
          52          50
          53          50
          54          57
          55          50
          56          50
          57          50
          58          50
          59          50
          60          48
          61          49
          62          49
          63          49
          64          50
          65          49
          66          49
          67          48
          68          49
          69          49
          70          49
          71          46
          72          49
          73          49
          74          48
          75          48
          76          49
          77          47
          78          45
          79          49
          80          48
          81          49
          82          47
          83          49
          84          49
          85          46
          86          46
          87          48
          88          47
          89          50
          90          44
          91          48
          92          48
          93          46
          94          47
          95          43
          96          46
          97          47
          98          41
          99          44
         100          45
           1          25
           2          31
           3          36
           4          36
           5          33
           6          36
           7          36
           8          36
           9          34
          10          41
          11          41
          12          39
          13          45
          14          44
          15          38
          16          43
          17          38
          18          43
          19          40
          20          46
          21          45
          22          46
          23          44
          24          47
          25          48
          26          50
          27          49
          28          48
          29          49
          30          49
          31          50
          32          48
          33          49
          34          49
          35          49
          36          47
          37          50
          38          47
          39          49
          40          49
          41          50
          42          50
          43          48
          44          49
          45          50
          46          50
          47          50
          48          51
          49          50
          50          52
          51          53
          52          50
          53          50
          54          50
          55          50
          56          50
          57          49
          58          50
          59          49
          60          50
          61          49
          62          48
          63          50
          64          50
          65          49
          66          47
          67          46
          68          48
          69          48
          70          48
          71          46
          72          49
          73          50
          74          48
          75          50
          76          48
          77          49
          78          50
          79          50
          80          50
          81          45
          82          49
          83          47
          84          49
          85          48
          86          47
          87          47
          88          48
          89          46
          90          47
          91          44
          92          48
          93          46
          94          49
          95          45
          96          49
          97          47
          98          45
          99          43
         100          44
           1          29
           2          33
           3          31
           4          32
           5          37
           6          31
           7          37
           8          32
           9          40
          10          43
          11          37
          12          43
          13          43
          14          44
          15          37
          16          41
          17          46
          18          46
          19          49
          20          44
          21          49
          22          48
          23          48
          24          47
          25          50
          26          50
          27          53
          28          50
          29          50
          30          50
          31          50
          32          50
          33          49
          34          49
          35          50
          36          50
          37          50
          38          50
          39          49
          40          50
          41          49
          42          49
          43          50
          44          47
          45          49
          46          49
          47          50
          48          48
          49          48
          50          48
          51          49
          52          50
          53          49
          54          50
          55          50
          56          49
          57          49
          58          50
          59          48
          60          49
          61          49
          62          46
          63          49
          64          50
          65          48
          66          49
          67          50
          68          50
          69          49
          70          50
          71          50
          72          50
          73          48
          74          47
          75          48
          76          48
          77          50
          78          50
          79          49
          80          49
          81          50
          82          48
          83          48
          84          49
          85          49
          86          47
          87          49
          88          47
          89          46
          90          49
          91          48
          92          47
          93          46
          94          46
          95          47
          96          48
          97          47
          98          47
          99          40
         100          40
           1          34
           2          28
           3          30
           4          32
           5          27
           6          35
           7          33
           8          37
           9          41
          10          37
          11          41
          12          42
          13          46
          14          45
          15          41
          16          37
          17          43
          18          44
          19          48
          20          43
          21          45
          22          44
          23          49
          24          46
          25          46
          26          47
          27          47
          28          48
          29          48
          30          49
          31          50
          32          49
          33          49
          34          50
          35          49
          36          50
          37          52
          38          53
          39          50
          40          49
          41          50
          42          50
          43          50
          44          50
          45          49
          46          50
          47          50
          48          50
          49          49
          50          49
          51          50
          52          49
          53          50
          54          50
          55          50
          56          50
          57          50
          58          50
          59          50
          60          50
          61          50
          62          50
          63          50
          64          50
          65          50
          66          50
          67          56
          68          52
          69          50
          70          50
          71          50
          72          51
          73          50
          74          50
          75          50
          76          50
          77          50
          78          48
          79          50
          80          47
          81          49
          82          48
          83          48
          84          47
          85          47
          86          48
          87          46
          88          45
          89          48
          90          46
          91          48
          92          44
          93          47
          94          43
          95          47
          96          44
          97          46
          98          44
          99          42
         100          40
           1          28
           2          30
           3          37
           4          34
           5          34
           6          33
           7          39
           8          36
           9          39
          10          39
          11          41
          12          38
          13          33
          14          41
          15          42
          16          43
          17          40
          18          48
          19          43
          20          45
          21          45
          22          47
          23          47
          24          45
          25          48
          26          49
          27          43
          28          44
          29          47
          30          48
          31          50
          32          48
          33          48
          34          50
          35          50
          36          49
          37          50
          38          50
          39          50
          40          50
          41          50
          42          52
          43          50
          44          50
          45          50
          46          49
          47          50
          48          50
          49          50
          50          50
          51          50
          52          50
          53          50
          54          50
          55          50
          56          50
          57          50
          58          50
          59          56
          60          50
          61          50
          62          50
          63          50
          64          50
          65          50
          66          53
          67          55
          68          55
          69          53
          70          51
          71          69
          72          53
          73          59
          74          50
          75          49
          76          50
          77          49
          78          50
          79          50
          80          47
          81          49
          82          46
          83          49
          84          47
          85          46
          86          48
          87          47
          88          46
          89          48
          90          45
          91          48
          92          45
          93          45
          94          46
          95          47
          96          47
          97          45
          98          44
          99          46
         100          44
